function data()
return {
	times = { 0, 83.333, 125, 166.667, 208.333, 250, 291.667, 333.333, 375, 416.667, 458.333, 500, 541.667, 583.333, 625, 666.667, 708.333, 750, 791.667, 833.333, 875, 916.667, 958.333, 1000, 1041.667, 1083.333, 1125, 1166.667, 1208.333, 1250, 4166.667, },
	transfs = {
		{ 1, 0, 0, 0, 0, 0.99996197223663, -0.0087211271747947, 0, 0, 0.0087211271747947, 0.99996197223663, 0, 0, 0, 0, 1, },
		{ 1, 0, 0, 0, 0, 0.99941891431808, -0.034085500985384, 0, 0, 0.034085500985384, 0.99941891431808, 0, 0, 0, 0, 1, },
		{ 1, 0, 0, 0, 0, 0.99719452857971, -0.074853256344795, 0, 0, 0.074853256344795, 0.99719452857971, 0, 0, 0, 0, 1, },
		{ 1, 0, 0, 0, 0, 0.99155855178833, -0.12965962290764, 0, 0, 0.12965962290764, 0.99155855178833, 0, 0, 0, 0, 1, },
		{ 1, 0, 0, 0, 0, 0.98042058944702, -0.1969145834446, 0, 0, 0.1969145834446, 0.98042058944702, 0, 0, 0, 0, 1, },
		{ 1, 0, 0, 0, 0, 0.96152752637863, -0.2747086584568, 0, 0, 0.2747086584568, 0.96152752637863, 0, 0, 0, 0, 1, },
		{ 1, 0, 0, 0, 0, 0.93266433477402, -0.36074525117874, 0, 0, 0.36074525117874, 0.93266433477402, 0, 0, 0, 0, 1, },
		{ 1, 0, 0, 0, 0, 0.89185738563538, -0.45231664180756, 0, 0, 0.45231664180756, 0.89185738563538, 0, 0, 0, 0, 1, },
		{ 1, 0, 0, 0, 0, 0.8375678062439, -0.54633325338364, 0, 0, 0.54633325338364, 0.8375678062439, 0, 0, 0, 0, 1, },
		{ 1, 0, 0, 0, 0, 0.76886337995529, -0.63941311836243, 0, 0, 0.63941311836243, 0.76886337995529, 0, 0, 0, 0, 1, },
		{ 1, 0, 0, 0, 0, 0.68555134534836, -0.72802424430847, 0, 0, 0.72802424430847, 0.68555134534836, 0, 0, 0, 0, 1, },
		{ 1, 0, 0, 0, 0, 0.58825773000717, -0.80867344141006, 0, 0, 0.80867344141006, 0.58825773000717, 0, 0, 0, 0, 1, },
		{ 1, 0, 0, 0, 0, 0.47843977808952, -0.87812030315399, 0, 0, 0.87812030315399, 0.47843977808952, 0, 0, 0, 0, 1, },
		{ 1, 0, 0, 0, 0, 0.35832494497299, -0.93359684944153, 0, 0, 0.93359684944153, 0.35832494497299, 0, 0, 0, 0, 1, },
		{ 1, 0, 0, 0, 0, 0.23078057169914, -0.97300577163696, 0, 0, 0.97300577163696, 0.23078057169914, 0, 0, 0, 0, 1, },
		{ 1, 0, 0, 0, 0, 0.099122792482376, -0.99507522583008, 0, 0, 0.99507522583008, 0.099122792482376, 0, 0, 0, 0, 1, },
		{ 1, 0, 0, 0, 0, -0.033111818134785, -0.99945163726807, 0, 0, 0.99945163726807, -0.033111818134785, 0, 0, 0, 0, 1, },
		{ 1, 0, 0, 0, 0, -0.16242118179798, -0.98672145605087, 0, 0, 0.98672145605087, -0.16242118179798, 0, 0, 0, 0, 1, },
		{ 1, 0, 0, 0, 0, -0.28557026386261, -0.95835775136948, 0, 0, 0.95835775136948, -0.28557026386261, 0, 0, 0, 0, 1, },
		{ 1, 0, 0, 0, 0, -0.39980375766754, -0.91660076379776, 0, 0, 0.91660076379776, -0.39980375766754, 0, 0, 0, 0, 1, },
		{ 1, 0, 0, 0, 0, -0.50299179553986, -0.86429119110107, 0, 0, 0.86429119110107, -0.50299179553986, 0, 0, 0, 0, 1, },
		{ 1, 0, 0, 0, 0, -0.59372162818909, -0.80467051267624, 0, 0, 0.80467051267624, -0.59372162818909, 0, 0, 0, 0, 1, },
		{ 1, 0, 0, 0, 0, -0.6713063120842, -0.74118000268936, 0, 0, 0.74118000268936, -0.6713063120842, 0, 0, 0, 0, 1, },
		{ 1, 0, 0, 0, 0, -0.73573440313339, -0.67727017402649, 0, 0, 0.67727017402649, -0.73573440313339, 0, 0, 0, 0, 1, },
		{ 1, 0, 0, 0, 0, -0.78755235671997, -0.61624765396118, 0, 0, 0.61624765396118, -0.78755235671997, 0, 0, 0, 0, 1, },
		{ 1, 0, 0, 0, 0, -0.82770818471909, -0.56115877628326, 0, 0, 0.56115877628326, -0.82770818471909, 0, 0, 0, 0, 1, },
		{ 1, 0, 0, 0, 0, -0.85735732316971, -0.51472163200378, 0, 0, 0.51472163200378, -0.85735732316971, 0, 0, 0, 0, 1, },
		{ 1, 0, 0, 0, 0, -0.87765383720398, -0.47929510474205, 0, 0, 0.47929510474205, -0.87765383720398, 0, 0, 0, 0, 1, },
		{ 1, 0, 0, 0, 0, -0.88953006267548, -0.45687663555145, 0, 0, 0.45687663555145, -0.88953006267548, 0, 0, 0, 0, 1, },
		{ 1, 0, 0, 0, 0, -0.89348077774048, -0.4491014778614, 0, 0, 0.4491014778614, -0.89348077774048, 0, 0, 0, 0, 1, },
		{ 1, 0, 0, 0, 0, -0.89348077774048, -0.4491014778614, 0, 0, 0.4491014778614, -0.89348077774048, 0, 0, 0, 0, 1, },
	},
}
end
